

predicted results:


text_num: 0
pr:[1 0 0 0 1 0 0 0 0 0]
t_label:[1 0 0 0 0 0 0 1 0 0]
actions: 2
right_actions: 1
tag_actions: 2
recall: 0.500000
precision: 0.500000
f_measure: 0.500000

text_num: 1
pr:[1 0 0 0 1 0 0 0 0 0]
t_label:[1 0 0 0 0 0 0 0 0 0]
actions: 1
right_actions: 1
tag_actions: 2
recall: 1.000000
precision: 0.500000
f_measure: 0.666667

text_num: 2
pr:[1 0 0 0 1 0 0 0 0 0]
t_label:[1 0 0 0 0 0 0 0 0 0]
actions: 1
right_actions: 1
tag_actions: 2
recall: 1.000000
precision: 0.500000
f_measure: 0.666667

text_num: 3
pr:[1 0 0 0 1 0 0 0 0 0]
t_label:[1 0 0 1 0 0 0 0 0 0]
actions: 2
right_actions: 1
tag_actions: 2
recall: 0.500000
precision: 0.500000
f_measure: 0.500000

text_num: 4
pr:[1 0 0 0 1 0 0 0 0 0]
t_label:[1 0 0 0 0 1 0 0 0 1]
actions: 3
right_actions: 1
tag_actions: 2
recall: 0.333333
precision: 0.500000
f_measure: 0.400000

total_actions: 9
total_right_actions: 5
total_tag_actions: 10
total_recall: 0.555556
total_precision: 0.500000
total_f_measure: 0.526316


Time cost 32s