word_dim: 50
object_rate: 0.05
words_num: 500
load_replay: 0
train_frequency: 1
start_epoch: 0
save_replay: 0
load_weights: 
discount_rate: 0.9
word2vec: <gensim.models.keyedvectors.KeyedVectors object at 0x7fcce04c2210>
nchars: 93
epochs: 5
max_char_len: 20
use_k_max_pool: 0
emb_dim: 100
exploration_rate_test: 0.0
computer_id: 1
exploration_rate_start: 1
max_text_num: 52
exploration_decay_steps: 1000
train_steps: 43500
priority: 1
decay_rate: 0.88
replay_size: 35000
model_dir: /home/fengwf/Documents/mymodel-new-5-50
fold_id: 6
result_dir: results/cooking_fold6
target_steps: 5
train_repeat: 1
add_linear: 1
momentum: 0.8
optimizer: rmsprop
exploration_rate_end: 0.1
action_label: 2
epsilon: 1e-06
learning_rate: 0.0025
save_replay_name: saved_replay_memory.pkl
multi_cnn: 0
reward_assign: 1.0
char_dim: 30
non_action_label: 1
context_len: 50
test_text_num: 9
batch_size: 32
num_actions: 1000
valid_steps: 4500
is_test: 1
tag_dim: 50
char_emb_flag: 0
save_replay_size: 1000
num_k: 2
ten_fold_valid: 1
max_replay_size: [100000, 35000, 100000]
action_rate: 0.15
positive_rate: 0.75
actionDB: tag_actions1
test_one_flag: 0
gpu_rate: 0.24
save_weights_prefix: 
ten_fold_indices: data/cooking-10-fold-indices.pkl
target_output: 2
time_step_batch: 0
random_play: 0

Text: 0
total words: 196
total: 24	right: 12	tagged: 13
acc: 0.933673	rec: 0.500000	pre: 0.923077	f1: 0.648649

Text: 1
total words: 161
total: 19	right: 18	tagged: 26
acc: 0.944099	rec: 0.947368	pre: 0.692308	f1: 0.800000

Text: 2
total words: 225
total: 23	right: 16	tagged: 23
acc: 0.937778	rec: 0.695652	pre: 0.695652	f1: 0.695652

Text: 3
total words: 303
total: 22	right: 9	tagged: 11
acc: 0.950495	rec: 0.409091	pre: 0.818182	f1: 0.545455

Text: 4
total words: 173
total: 19	right: 19	tagged: 22
acc: 0.982659	rec: 1.000000	pre: 0.863636	f1: 0.926829

Text: 5
total words: 360
total: 21	right: 1	tagged: 2
acc: 0.941667	rec: 0.047619	pre: 0.500000	f1: 0.086957

Text: 6
total words: 204
total: 23	right: 19	tagged: 23
acc: 0.960784	rec: 0.826087	pre: 0.826087	f1: 0.826087

Text: 7
total words: 290
total: 19	right: 4	tagged: 4
acc: 0.948276	rec: 0.210526	pre: 1.000000	f1: 0.347826

Text: 8
total words: 253
total: 29	right: 24	tagged: 56
acc: 0.853755	rec: 0.827586	pre: 0.428571	f1: 0.564706


Summary:
total: 199	right: 122	tagged: 180
acc: 0.937644	rec: 0.613065	pre: 0.677778	f1: 0.643799

Total time cost of epoch 2 is: 1427s
