word_dim: 50
object_rate: 0.05
words_num: 500
load_replay: 0
train_frequency: 1
start_epoch: 0
save_replay: 0
load_weights: 
discount_rate: 0.9
word2vec: <gensim.models.keyedvectors.KeyedVectors object at 0x7fcce04c2210>
nchars: 93
epochs: 5
max_char_len: 20
use_k_max_pool: 0
emb_dim: 100
exploration_rate_test: 0.0
computer_id: 1
exploration_rate_start: 1
max_text_num: 52
exploration_decay_steps: 1000
train_steps: 43500
priority: 1
decay_rate: 0.88
replay_size: 35000
model_dir: /home/fengwf/Documents/mymodel-new-5-50
fold_id: 6
result_dir: results/cooking_fold6
target_steps: 5
train_repeat: 1
add_linear: 1
momentum: 0.8
optimizer: rmsprop
exploration_rate_end: 0.1
action_label: 2
epsilon: 1e-06
learning_rate: 0.0025
save_replay_name: saved_replay_memory.pkl
multi_cnn: 0
reward_assign: 1.0
char_dim: 30
non_action_label: 1
context_len: 50
test_text_num: 9
batch_size: 32
num_actions: 1000
valid_steps: 4500
is_test: 1
tag_dim: 50
char_emb_flag: 0
save_replay_size: 1000
num_k: 2
ten_fold_valid: 1
max_replay_size: [100000, 35000, 100000]
action_rate: 0.15
positive_rate: 0.75
actionDB: tag_actions1
test_one_flag: 0
gpu_rate: 0.24
save_weights_prefix: 
ten_fold_indices: data/cooking-10-fold-indices.pkl
target_output: 2
time_step_batch: 0
random_play: 0

Text: 0
total words: 196
total: 24	right: 18	tagged: 18
acc: 0.969388	rec: 0.750000	pre: 1.000000	f1: 0.857143

Text: 1
total words: 161
total: 19	right: 18	tagged: 22
acc: 0.968944	rec: 0.947368	pre: 0.818182	f1: 0.878049

Text: 2
total words: 225
total: 23	right: 20	tagged: 34
acc: 0.924444	rec: 0.869565	pre: 0.588235	f1: 0.701754

Text: 3
total words: 303
total: 22	right: 3	tagged: 5
acc: 0.930693	rec: 0.136364	pre: 0.600000	f1: 0.222222

Text: 4
total words: 173
total: 19	right: 18	tagged: 21
acc: 0.976879	rec: 0.947368	pre: 0.857143	f1: 0.900000

Text: 5
total words: 360
total: 21	right: 7	tagged: 11
acc: 0.950000	rec: 0.333333	pre: 0.636364	f1: 0.437500

Text: 6
total words: 204
total: 23	right: 21	tagged: 28
acc: 0.955882	rec: 0.913043	pre: 0.750000	f1: 0.823529

Text: 7
total words: 290
total: 19	right: 16	tagged: 26
acc: 0.955172	rec: 0.842105	pre: 0.615385	f1: 0.711111

Text: 8
total words: 253
total: 29	right: 23	tagged: 26
acc: 0.964427	rec: 0.793103	pre: 0.884615	f1: 0.836364


Summary:
total: 199	right: 144	tagged: 191
acc: 0.952887	rec: 0.723618	pre: 0.753927	f1: 0.738462

Total time cost of epoch 1 is: 1425s
