word_dim: 50
object_rate: 0.05
words_num: 500
load_replay: 0
train_frequency: 1
start_epoch: 0
save_replay: 0
load_weights: 
discount_rate: 0.9
word2vec: <gensim.models.keyedvectors.KeyedVectors object at 0x7f7d9a602210>
nchars: 93
epochs: 5
max_char_len: 20
use_k_max_pool: 0
emb_dim: 100
exploration_rate_test: 0.0
computer_id: 1
exploration_rate_start: 1
max_text_num: 52
exploration_decay_steps: 1000
train_steps: 43500
priority: 1
decay_rate: 0.88
replay_size: 35000
model_dir: /home/fengwf/Documents/mymodel-new-5-50
fold_id: 3
result_dir: results/cooking_fold3
target_steps: 5
train_repeat: 1
add_linear: 1
momentum: 0.8
optimizer: rmsprop
exploration_rate_end: 0.1
action_label: 2
epsilon: 1e-06
learning_rate: 0.0025
save_replay_name: saved_replay_memory.pkl
multi_cnn: 0
reward_assign: 1.0
char_dim: 30
non_action_label: 1
context_len: 50
test_text_num: 9
batch_size: 32
num_actions: 1000
valid_steps: 4500
is_test: 1
tag_dim: 50
char_emb_flag: 0
save_replay_size: 1000
num_k: 2
ten_fold_valid: 1
max_replay_size: [100000, 35000, 100000]
action_rate: 0.15
positive_rate: 0.75
actionDB: tag_actions1
test_one_flag: 0
gpu_rate: 0.24
save_weights_prefix: 
ten_fold_indices: data/cooking-10-fold-indices.pkl
target_output: 2
time_step_batch: 0
random_play: 0

Text: 0
total words: 193
total: 22	right: 15	tagged: 18
acc: 0.948187	rec: 0.681818	pre: 0.833333	f1: 0.750000

Text: 1
total words: 464
total: 55	right: 18	tagged: 19
acc: 0.918103	rec: 0.327273	pre: 0.947368	f1: 0.486486

Text: 2
total words: 266
total: 35	right: 20	tagged: 20
acc: 0.943609	rec: 0.571429	pre: 1.000000	f1: 0.727273

Text: 3
total words: 299
total: 25	right: 7	tagged: 9
acc: 0.933110	rec: 0.280000	pre: 0.777778	f1: 0.411765

Text: 4
total words: 153
total: 20	right: 10	tagged: 15
acc: 0.901961	rec: 0.500000	pre: 0.666667	f1: 0.571429

Text: 5
total words: 173
total: 19	right: 17	tagged: 19
acc: 0.976879	rec: 0.894737	pre: 0.894737	f1: 0.894737

Text: 6
total words: 339
total: 27	right: 17	tagged: 23
acc: 0.952802	rec: 0.629630	pre: 0.739130	f1: 0.680000

Text: 7
total words: 292
total: 33	right: 9	tagged: 11
acc: 0.910959	rec: 0.272727	pre: 0.818182	f1: 0.409091

Text: 8
total words: 197
total: 21	right: 18	tagged: 19
acc: 0.979695	rec: 0.857143	pre: 0.947368	f1: 0.900000


Summary:
total: 257	right: 131	tagged: 153
acc: 0.937710	rec: 0.509728	pre: 0.856209	f1: 0.639024

Total time cost of epoch 0 is: 1413s
