word_dim: 50
object_rate: 0.05
words_num: 500
load_replay: 0
train_frequency: 1
start_epoch: 0
save_replay: 0
load_weights: 
discount_rate: 0.9
word2vec: <gensim.models.keyedvectors.KeyedVectors object at 0x7f94cc8c2210>
nchars: 93
epochs: 5
max_char_len: 20
use_k_max_pool: 0
emb_dim: 100
exploration_rate_test: 0.0
computer_id: 1
exploration_rate_start: 1
max_text_num: 52
exploration_decay_steps: 1000
train_steps: 43500
priority: 1
decay_rate: 0.88
replay_size: 35000
model_dir: /home/fengwf/Documents/mymodel-new-5-50
fold_id: 5
result_dir: results/cooking_fold5
target_steps: 5
train_repeat: 1
add_linear: 1
momentum: 0.8
optimizer: rmsprop
exploration_rate_end: 0.1
action_label: 2
epsilon: 1e-06
learning_rate: 0.0025
save_replay_name: saved_replay_memory.pkl
multi_cnn: 0
reward_assign: 1.0
char_dim: 30
non_action_label: 1
context_len: 50
test_text_num: 9
batch_size: 32
num_actions: 1000
valid_steps: 4500
is_test: 1
tag_dim: 50
char_emb_flag: 0
save_replay_size: 1000
num_k: 2
ten_fold_valid: 1
max_replay_size: [100000, 35000, 100000]
action_rate: 0.15
positive_rate: 0.75
actionDB: tag_actions1
test_one_flag: 0
gpu_rate: 0.24
save_weights_prefix: 
ten_fold_indices: data/cooking-10-fold-indices.pkl
target_output: 2
time_step_batch: 0
random_play: 0

Text: 0
total words: 175
total: 18	right: 18	tagged: 25
acc: 0.960000	rec: 1.000000	pre: 0.720000	f1: 0.837209

Text: 1
total words: 352
total: 33	right: 28	tagged: 38
acc: 0.957386	rec: 0.848485	pre: 0.736842	f1: 0.788732

Text: 2
total words: 365
total: 43	right: 38	tagged: 47
acc: 0.961644	rec: 0.883721	pre: 0.808511	f1: 0.844444

Text: 3
total words: 248
total: 23	right: 17	tagged: 26
acc: 0.939516	rec: 0.739130	pre: 0.653846	f1: 0.693878

Text: 4
total words: 152
total: 16	right: 14	tagged: 16
acc: 0.973684	rec: 0.875000	pre: 0.875000	f1: 0.875000

Text: 5
total words: 364
total: 22	right: 17	tagged: 34
acc: 0.939560	rec: 0.772727	pre: 0.500000	f1: 0.607143

Text: 6
total words: 241
total: 29	right: 21	tagged: 24
acc: 0.954357	rec: 0.724138	pre: 0.875000	f1: 0.792453

Text: 7
total words: 163
total: 20	right: 15	tagged: 19
acc: 0.944785	rec: 0.750000	pre: 0.789474	f1: 0.769231

Text: 8
total words: 242
total: 35	right: 32	tagged: 46
acc: 0.929752	rec: 0.914286	pre: 0.695652	f1: 0.790123


Summary:
total: 239	right: 200	tagged: 275
acc: 0.950478	rec: 0.836820	pre: 0.727273	f1: 0.778210

Total time cost of epoch 0 is: 1415s
