word_dim: 50
object_rate: 0.05
words_num: 500
load_replay: 0
train_frequency: 1
start_epoch: 0
save_replay: 0
load_weights: 
discount_rate: 0.9
word2vec: <gensim.models.keyedvectors.KeyedVectors object at 0x7f94cc8c2210>
nchars: 93
epochs: 5
max_char_len: 20
use_k_max_pool: 0
emb_dim: 100
exploration_rate_test: 0.0
computer_id: 1
exploration_rate_start: 1
max_text_num: 52
exploration_decay_steps: 1000
train_steps: 43500
priority: 1
decay_rate: 0.88
replay_size: 35000
model_dir: /home/fengwf/Documents/mymodel-new-5-50
fold_id: 5
result_dir: results/cooking_fold5
target_steps: 5
train_repeat: 1
add_linear: 1
momentum: 0.8
optimizer: rmsprop
exploration_rate_end: 0.1
action_label: 2
epsilon: 1e-06
learning_rate: 0.0025
save_replay_name: saved_replay_memory.pkl
multi_cnn: 0
reward_assign: 1.0
char_dim: 30
non_action_label: 1
context_len: 50
test_text_num: 9
batch_size: 32
num_actions: 1000
valid_steps: 4500
is_test: 1
tag_dim: 50
char_emb_flag: 0
save_replay_size: 1000
num_k: 2
ten_fold_valid: 1
max_replay_size: [100000, 35000, 100000]
action_rate: 0.15
positive_rate: 0.75
actionDB: tag_actions1
test_one_flag: 0
gpu_rate: 0.24
save_weights_prefix: 
ten_fold_indices: data/cooking-10-fold-indices.pkl
target_output: 2
time_step_batch: 0
random_play: 0

Text: 0
total words: 175
total: 18	right: 17	tagged: 18
acc: 0.988571	rec: 0.944444	pre: 0.944444	f1: 0.944444

Text: 1
total words: 352
total: 33	right: 22	tagged: 27
acc: 0.954545	rec: 0.666667	pre: 0.814815	f1: 0.733333

Text: 2
total words: 365
total: 43	right: 31	tagged: 33
acc: 0.961644	rec: 0.720930	pre: 0.939394	f1: 0.815789

Text: 3
total words: 248
total: 23	right: 16	tagged: 22
acc: 0.947581	rec: 0.695652	pre: 0.727273	f1: 0.711111

Text: 4
total words: 152
total: 16	right: 14	tagged: 16
acc: 0.973684	rec: 0.875000	pre: 0.875000	f1: 0.875000

Text: 5
total words: 364
total: 22	right: 12	tagged: 15
acc: 0.964286	rec: 0.545455	pre: 0.800000	f1: 0.648649

Text: 6
total words: 241
total: 29	right: 28	tagged: 50
acc: 0.904564	rec: 0.965517	pre: 0.560000	f1: 0.708861

Text: 7
total words: 163
total: 20	right: 15	tagged: 18
acc: 0.950920	rec: 0.750000	pre: 0.833333	f1: 0.789474

Text: 8
total words: 242
total: 35	right: 24	tagged: 29
acc: 0.933884	rec: 0.685714	pre: 0.827586	f1: 0.750000


Summary:
total: 239	right: 179	tagged: 228
acc: 0.952650	rec: 0.748954	pre: 0.785088	f1: 0.766595

Total time cost of epoch 2 is: 1413s
