word_dim: 50
object_rate: 0.05
words_num: 500
load_replay: 0
train_frequency: 1
start_epoch: 0
save_replay: 0
load_weights: 
discount_rate: 0.9
word2vec: <gensim.models.keyedvectors.KeyedVectors object at 0x7f3fca502210>
nchars: 93
epochs: 5
max_char_len: 20
use_k_max_pool: 0
emb_dim: 100
exploration_rate_test: 0.0
computer_id: 1
exploration_rate_start: 1
max_text_num: 52
exploration_decay_steps: 1000
train_steps: 43500
priority: 1
decay_rate: 0.88
replay_size: 35000
model_dir: /home/fengwf/Documents/mymodel-new-5-50
fold_id: 2
result_dir: results/cooking_fold2
target_steps: 5
train_repeat: 1
add_linear: 1
momentum: 0.8
optimizer: rmsprop
exploration_rate_end: 0.1
action_label: 2
epsilon: 1e-06
learning_rate: 0.0025
save_replay_name: saved_replay_memory.pkl
multi_cnn: 0
reward_assign: 1.0
char_dim: 30
non_action_label: 1
context_len: 50
test_text_num: 9
batch_size: 32
num_actions: 1000
valid_steps: 4500
is_test: 1
tag_dim: 50
char_emb_flag: 0
save_replay_size: 1000
num_k: 2
ten_fold_valid: 1
max_replay_size: [100000, 35000, 100000]
action_rate: 0.15
positive_rate: 0.75
actionDB: tag_actions1
test_one_flag: 0
gpu_rate: 0.24
save_weights_prefix: 
ten_fold_indices: data/cooking-10-fold-indices.pkl
target_output: 2
time_step_batch: 0
random_play: 0

Text: 0
total words: 152
total: 17	right: 17	tagged: 26
acc: 0.940789	rec: 1.000000	pre: 0.653846	f1: 0.790698

Text: 1
total words: 230
total: 18	right: 17	tagged: 18
acc: 0.991304	rec: 0.944444	pre: 0.944444	f1: 0.944444

Text: 2
total words: 289
total: 19	right: 15	tagged: 25
acc: 0.951557	rec: 0.789474	pre: 0.600000	f1: 0.681818

Text: 3
total words: 150
total: 23	right: 22	tagged: 28
acc: 0.953333	rec: 0.956522	pre: 0.785714	f1: 0.862745

Text: 4
total words: 151
total: 18	right: 15	tagged: 15
acc: 0.980132	rec: 0.833333	pre: 1.000000	f1: 0.909091

Text: 5
total words: 228
total: 23	right: 23	tagged: 27
acc: 0.982456	rec: 1.000000	pre: 0.851852	f1: 0.920000

Text: 6
total words: 214
total: 15	right: 13	tagged: 25
acc: 0.934579	rec: 0.866667	pre: 0.520000	f1: 0.650000

Text: 7
total words: 362
total: 40	right: 35	tagged: 44
acc: 0.961326	rec: 0.875000	pre: 0.795455	f1: 0.833333

Text: 8
total words: 65
total: 5	right: 4	tagged: 7
acc: 0.938462	rec: 0.800000	pre: 0.571429	f1: 0.666667


Summary:
total: 178	right: 161	tagged: 215
acc: 0.961434	rec: 0.904494	pre: 0.748837	f1: 0.819338

Total time cost of epoch 0 is: 1470s
