word_dim: 50
object_rate: 0.05
words_num: 500
load_replay: 0
train_frequency: 1
start_epoch: 0
save_replay: 0
load_weights: 
discount_rate: 0.9
word2vec: <gensim.models.keyedvectors.KeyedVectors object at 0x7f1aeb6c2210>
nchars: 93
epochs: 5
max_char_len: 20
use_k_max_pool: 0
emb_dim: 100
exploration_rate_test: 0.0
computer_id: 1
exploration_rate_start: 1
max_text_num: 52
exploration_decay_steps: 1000
train_steps: 43500
priority: 1
decay_rate: 0.88
replay_size: 35000
model_dir: /home/fengwf/Documents/mymodel-new-5-50
fold_id: 4
result_dir: results/cooking_fold4
target_steps: 5
train_repeat: 1
add_linear: 1
momentum: 0.8
optimizer: rmsprop
exploration_rate_end: 0.1
action_label: 2
epsilon: 1e-06
learning_rate: 0.0025
save_replay_name: saved_replay_memory.pkl
multi_cnn: 0
reward_assign: 1.0
char_dim: 30
non_action_label: 1
context_len: 50
test_text_num: 9
batch_size: 32
num_actions: 1000
valid_steps: 4500
is_test: 1
tag_dim: 50
char_emb_flag: 0
save_replay_size: 1000
num_k: 2
ten_fold_valid: 1
max_replay_size: [100000, 35000, 100000]
action_rate: 0.15
positive_rate: 0.75
actionDB: tag_actions1
test_one_flag: 0
gpu_rate: 0.24
save_weights_prefix: 
ten_fold_indices: data/cooking-10-fold-indices.pkl
target_output: 2
time_step_batch: 0
random_play: 0

Text: 0
total words: 285
total: 23	right: 21	tagged: 32
acc: 0.954386	rec: 0.913043	pre: 0.656250	f1: 0.763636

Text: 1
total words: 179
total: 22	right: 20	tagged: 23
acc: 0.972067	rec: 0.909091	pre: 0.869565	f1: 0.888889

Text: 2
total words: 202
total: 27	right: 3	tagged: 3
acc: 0.881188	rec: 0.111111	pre: 1.000000	f1: 0.200000

Text: 3
total words: 231
total: 31	right: 25	tagged: 28
acc: 0.961039	rec: 0.806452	pre: 0.892857	f1: 0.847458

Text: 4
total words: 170
total: 24	right: 23	tagged: 26
acc: 0.976471	rec: 0.958333	pre: 0.884615	f1: 0.920000

Text: 5
total words: 157
total: 19	right: 19	tagged: 36
acc: 0.891720	rec: 1.000000	pre: 0.527778	f1: 0.690909

Text: 6
total words: 140
total: 17	right: 15	tagged: 17
acc: 0.971429	rec: 0.882353	pre: 0.882353	f1: 0.882353

Text: 7
total words: 303
total: 9	right: 8	tagged: 20
acc: 0.957096	rec: 0.888889	pre: 0.400000	f1: 0.551724

Text: 8
total words: 318
total: 39	right: 38	tagged: 54
acc: 0.946541	rec: 0.974359	pre: 0.703704	f1: 0.817204


Summary:
total: 211	right: 172	tagged: 239
acc: 0.946599	rec: 0.815166	pre: 0.719665	f1: 0.764444

Total time cost of epoch 4 is: 1425s
