word_dim: 50
object_rate: 0.05
words_num: 500
load_replay: 0
train_frequency: 1
start_epoch: 0
save_replay: 0
load_weights: 
discount_rate: 0.9
word2vec: <gensim.models.keyedvectors.KeyedVectors object at 0x7f7d9a602210>
nchars: 93
epochs: 5
max_char_len: 20
use_k_max_pool: 0
emb_dim: 100
exploration_rate_test: 0.0
computer_id: 1
exploration_rate_start: 1
max_text_num: 52
exploration_decay_steps: 1000
train_steps: 43500
priority: 1
decay_rate: 0.88
replay_size: 35000
model_dir: /home/fengwf/Documents/mymodel-new-5-50
fold_id: 3
result_dir: results/cooking_fold3
target_steps: 5
train_repeat: 1
add_linear: 1
momentum: 0.8
optimizer: rmsprop
exploration_rate_end: 0.1
action_label: 2
epsilon: 1e-06
learning_rate: 0.0025
save_replay_name: saved_replay_memory.pkl
multi_cnn: 0
reward_assign: 1.0
char_dim: 30
non_action_label: 1
context_len: 50
test_text_num: 9
batch_size: 32
num_actions: 1000
valid_steps: 4500
is_test: 1
tag_dim: 50
char_emb_flag: 0
save_replay_size: 1000
num_k: 2
ten_fold_valid: 1
max_replay_size: [100000, 35000, 100000]
action_rate: 0.15
positive_rate: 0.75
actionDB: tag_actions1
test_one_flag: 0
gpu_rate: 0.24
save_weights_prefix: 
ten_fold_indices: data/cooking-10-fold-indices.pkl
target_output: 2
time_step_batch: 0
random_play: 0

Text: 0
total words: 193
total: 22	right: 14	tagged: 16
acc: 0.948187	rec: 0.636364	pre: 0.875000	f1: 0.736842

Text: 1
total words: 464
total: 55	right: 38	tagged: 41
acc: 0.956897	rec: 0.690909	pre: 0.926829	f1: 0.791667

Text: 2
total words: 266
total: 35	right: 24	tagged: 25
acc: 0.954887	rec: 0.685714	pre: 0.960000	f1: 0.800000

Text: 3
total words: 299
total: 25	right: 16	tagged: 21
acc: 0.953177	rec: 0.640000	pre: 0.761905	f1: 0.695652

Text: 4
total words: 153
total: 20	right: 17	tagged: 59
acc: 0.705882	rec: 0.850000	pre: 0.288136	f1: 0.430380

Text: 5
total words: 173
total: 19	right: 17	tagged: 20
acc: 0.971098	rec: 0.894737	pre: 0.850000	f1: 0.871795

Text: 6
total words: 339
total: 27	right: 9	tagged: 13
acc: 0.935103	rec: 0.333333	pre: 0.692308	f1: 0.450000

Text: 7
total words: 292
total: 33	right: 6	tagged: 6
acc: 0.907534	rec: 0.181818	pre: 1.000000	f1: 0.307692

Text: 8
total words: 197
total: 21	right: 19	tagged: 20
acc: 0.984772	rec: 0.904762	pre: 0.950000	f1: 0.926829


Summary:
total: 257	right: 160	tagged: 221
acc: 0.933502	rec: 0.622568	pre: 0.723982	f1: 0.669456

Total time cost of epoch 2 is: 1414s
